101
RPtkserver04089915162D 0   0.00000     0.00000???
1-hydroperoxy-1-peroxy-butane
  8  7  0  0  0  0  0  0  0  0  1 V2000
    0.0000    0.0000    0.0000 C   0  0  0  0  0  0  0  0  0  0  1  0
    1.0000    0.0000    0.0000 C   0  0  0  0  0  0  0  0  0  0  2  0
    2.0000    0.0000    0.0000 C   0  0  0  0  0  0  0  0  0  0  3  0
    3.0000    0.0000    0.0000 C   0  0  0  0  0  0  0  0  0  0  4  0
    0.0000   -1.0000    0.0000 O   0  0  0  0  0  0  0  0  0  0  5  0
    0.0000   -2.0000    0.0000 O   0  0  0  0  0  0  0  0  0  0  6  0
    0.0000    1.0000    0.0000 O   0  0  0  0  0  0  0  0  0  0  7  0
    0.0000    2.0000    0.0000 O   0  4  0  0  0  0  0  0  0  0  8  0
  1  2  1  0  0  0  0
  2  3  1  0  0  0  0
  3  4  1  0  0  0  0
  5  6  1  0  0  0  0
  7  8  1  0  0  0  0
  1  5  1  0  0  0  0
  1  7  1  0  0  0  0
$$$$
102
RPtkserver04089915162D 0   0.00000     0.00000???
1-hydroperoxy-2-peroxy-butane
  8  7  0  0  0  0  0  0  0  0  1 V2000
    0.0000    0.0000    0.0000 C   0  0  0  0  0  0  0  0  0  0  1  0
    1.0000    0.0000    0.0000 C   0  0  0  0  0  0  0  0  0  0  2  0
    2.0000    0.0000    0.0000 C   0  0  0  0  0  0  0  0  0  0  3  0
    3.0000    0.0000    0.0000 C   0  0  0  0  0  0  0  0  0  0  4  0
    0.0000   -1.0000    0.0000 O   0  0  0  0  0  0  0  0  0  0  5  0
    0.0000   -2.0000    0.0000 O   0  0  0  0  0  0  0  0  0  0  6  0
    1.0000    1.0000    0.0000 O   0  0  0  0  0  0  0  0  0  0  7  0
    1.0000    2.0000    0.0000 O   0  4  0  0  0  0  0  0  0  0  8  0
  1  2  1  0  0  0  0
  2  3  1  0  0  0  0
  3  4  1  0  0  0  0
  5  6  1  0  0  0  0
  7  8  1  0  0  0  0
  1  5  1  0  0  0  0
  2  7  1  0  0  0  0
$$$$
103
RPtkserver04089915162D 0   0.00000     0.00000???
1-hydroperoxy-3-peroxy-butane
  8  7  0  0  0  0  0  0  0  0  1 V2000
    0.0000    0.0000    0.0000 C   0  0  0  0  0  0  0  0  0  0  1  0
    1.0000    0.0000    0.0000 C   0  0  0  0  0  0  0  0  0  0  2  0
    2.0000    0.0000    0.0000 C   0  0  0  0  0  0  0  0  0  0  3  0
    3.0000    0.0000    0.0000 C   0  0  0  0  0  0  0  0  0  0  4  0
    0.0000   -1.0000    0.0000 O   0  0  0  0  0  0  0  0  0  0  5  0
    0.0000   -2.0000    0.0000 O   0  0  0  0  0  0  0  0  0  0  6  0
    2.0000    1.0000    0.0000 O   0  0  0  0  0  0  0  0  0  0  7  0
    2.0000    2.0000    0.0000 O   0  4  0  0  0  0  0  0  0  0  8  0
  1  2  1  0  0  0  0
  2  3  1  0  0  0  0
  3  4  1  0  0  0  0
  5  6  1  0  0  0  0
  7  8  1  0  0  0  0
  1  5  1  0  0  0  0
  3  7  1  0  0  0  0
$$$$
104
RPtkserver04089915162D 0   0.00000     0.00000???
1-hydroperoxy-4-peroxy-butane
  8  7  0  0  0  0  0  0  0  0  1 V2000
    0.0000    0.0000    0.0000 C   0  0  0  0  0  0  0  0  0  0  1  0
    1.0000    0.0000    0.0000 C   0  0  0  0  0  0  0  0  0  0  2  0
    2.0000    0.0000    0.0000 C   0  0  0  0  0  0  0  0  0  0  3  0
    3.0000    0.0000    0.0000 C   0  0  0  0  0  0  0  0  0  0  4  0
    0.0000   -1.0000    0.0000 O   0  0  0  0  0  0  0  0  0  0  5  0
    0.0000   -2.0000    0.0000 O   0  0  0  0  0  0  0  0  0  0  6  0
    3.0000    1.0000    0.0000 O   0  0  0  0  0  0  0  0  0  0  7  0
    3.0000    2.0000    0.0000 O   0  4  0  0  0  0  0  0  0  0  8  0
  1  2  1  0  0  0  0
  2  3  1  0  0  0  0
  3  4  1  0  0  0  0
  5  6  1  0  0  0  0
  7  8  1  0  0  0  0
  1  5  1  0  0  0  0
  4  7  1  0  0  0  0
$$$$
105
RPtkserver04089915162D 0   0.00000     0.00000???
2-hydroperoxy-2-peroxy-butane
  8  7  0  0  0  0  0  0  0  0  1 V2000
    0.0000    0.0000    0.0000 C   0  0  0  0  0  0  0  0  0  0  1  0
    1.0000    0.0000    0.0000 C   0  0  0  0  0  0  0  0  0  0  2  0
    2.0000    0.0000    0.0000 C   0  0  0  0  0  0  0  0  0  0  3  0
    3.0000    0.0000    0.0000 C   0  0  0  0  0  0  0  0  0  0  4  0
    1.0000   -1.0000    0.0000 O   0  0  0  0  0  0  0  0  0  0  5  0
    1.0000   -2.0000    0.0000 O   0  0  0  0  0  0  0  0  0  0  6  0
    1.0000    1.0000    0.0000 O   0  0  0  0  0  0  0  0  0  0  7  0
    1.0000    2.0000    0.0000 O   0  4  0  0  0  0  0  0  0  0  8  0
  1  2  1  0  0  0  0
  2  3  1  0  0  0  0
  3  4  1  0  0  0  0
  5  6  1  0  0  0  0
  7  8  1  0  0  0  0
  2  5  1  0  0  0  0
  2  7  1  0  0  0  0
$$$$
106
RPtkserver04089915162D 0   0.00000     0.00000???
2-hydroperoxy-3-peroxy-butane
  8  7  0  0  0  0  0  0  0  0  1 V2000
    0.0000    0.0000    0.0000 C   0  0  0  0  0  0  0  0  0  0  1  0
    1.0000    0.0000    0.0000 C   0  0  0  0  0  0  0  0  0  0  2  0
    2.0000    0.0000    0.0000 C   0  0  0  0  0  0  0  0  0  0  3  0
    3.0000    0.0000    0.0000 C   0  0  0  0  0  0  0  0  0  0  4  0
    1.0000   -1.0000    0.0000 O   0  0  0  0  0  0  0  0  0  0  5  0
    1.0000   -2.0000    0.0000 O   0  0  0  0  0  0  0  0  0  0  6  0
    2.0000    1.0000    0.0000 O   0  0  0  0  0  0  0  0  0  0  7  0
    2.0000    2.0000    0.0000 O   0  4  0  0  0  0  0  0  0  0  8  0
  1  2  1  0  0  0  0
  2  3  1  0  0  0  0
  3  4  1  0  0  0  0
  5  6  1  0  0  0  0
  7  8  1  0  0  0  0
  2  5  1  0  0  0  0
  3  7  1  0  0  0  0
$$$$
107
RPtkserver04089915162D 0   0.00000     0.00000???
2-hydroperoxy-4-peroxy-butane
  8  7  0  0  0  0  0  0  0  0  1 V2000
    0.0000    0.0000    0.0000 C   0  0  0  0  0  0  0  0  0  0  1  0
    1.0000    0.0000    0.0000 C   0  0  0  0  0  0  0  0  0  0  2  0
    2.0000    0.0000    0.0000 C   0  0  0  0  0  0  0  0  0  0  3  0
    3.0000    0.0000    0.0000 C   0  0  0  0  0  0  0  0  0  0  4  0
    1.0000   -1.0000    0.0000 O   0  0  0  0  0  0  0  0  0  0  5  0
    1.0000   -2.0000    0.0000 O   0  0  0  0  0  0  0  0  0  0  6  0
    3.0000    1.0000    0.0000 O   0  0  0  0  0  0  0  0  0  0  7  0
    3.0000    2.0000    0.0000 O   0  4  0  0  0  0  0  0  0  0  8  0
  1  2  1  0  0  0  0
  2  3  1  0  0  0  0
  3  4  1  0  0  0  0
  5  6  1  0  0  0  0
  7  8  1  0  0  0  0
  2  5  1  0  0  0  0
  4  7  1  0  0  0  0
$$$$
