DistributionH
CriticalPoints: H   [0.0010924,0.0010924]  [0.0032772,0.0010924]  [0.005462,0.0010924]  [0.0076468,0.0010924]  [0.0098316,0.0010924]  END
DistributionO2
CriticalPoints: O2   [0.00056292,0.00056292]  [0.00168876,0.00056292]  [0.0028146,0.00056292]  [0.00394044,0.00056292]  [0.00506628,0.00056292]  [0.0056292,0.00056292]  END
DistributionCH3
CriticalPoints: CH3   [0.00054039,0.00054039]  [0.00162117,0.00054039]  [0.00270195,0.00054039]  [0.00378273,0.00054039]  [0.00486351,0.00054039]  END
DistributionOH
CriticalPoints: OH   [0.00035601,0.00035601]  [0.00106803,0.00035601]  [0.00178005,0.00035601]  [0.00249207,0.00035601]  [0.00320409,0.00035601]  [0.0035601,0.00035601]  END
DistributionH2
CriticalPoints: H2   [0.00028693,0.00028693]  [0.00086079,0.00028693]  [0.00143465,0.00028693]  [0.00200851,0.00028693]  [0.00258237,0.00028693]  [0.0028693,0.00028693]  END
DistributionCH4
CriticalPoints: CH4   [0.00025412,0.00025412]  [0.00076236,0.00025412]  [0.0012706,0.00025412]  [0.00177884,0.00025412]  [0.00228708,0.00025412]  END
DistributionH2O
CriticalPoints: H2O   [0.00017835,0.00017835]  [0.00053505,0.00017835]  [0.00089175,0.00017835]  [0.00124845,0.00017835]  [0.00160515,0.00017835]  END
DistributionCO
CriticalPoints: CO   [0.00017824,0.00017824]  [0.00053472,0.00017824]  [0.0008912,0.00017824]  [0.00124768,0.00017824]  [0.00160416,0.00017824]  END
DistributionCO2
CriticalPoints: CO2   [0.00016663,0.00016663]  [0.00049989,0.00016663]  [0.00083315,0.00016663]  [0.00116641,0.00016663]  [0.00149967,0.00016663]  END
Distribution3-CH2
CriticalPoints: 3-CH2   [0.00010722,0.00010722]  [0.00032166,0.00010722]  [0.0005361,0.00010722]  [0.00075054,0.00010722]  [0.00096498,0.00010722]  END
DistributionC2H3
CriticalPoints: C2H3   [8.4557e-05,8.4557e-05]  [0.000253671,8.4557e-05]  [0.000422785,8.4557e-05]  [0.000591899,8.4557e-05]  [0.000761013,8.4557e-05]  [0.00084557,8.4557e-05]  END
DistributionO
CriticalPoints: O   [6.9375e-05,6.9375e-05]  [0.000208125,6.9375e-05]  [0.000346875,6.9375e-05]  [0.000485625,6.9375e-05]  [0.000624375,6.9375e-05]  [0.00069375,6.9375e-05]  END
DistributionC2H2
CriticalPoints: C2H2   [4.2331e-05,4.2331e-05]  [0.000126993,4.2331e-05]  [0.000211655,4.2331e-05]  [0.000296317,4.2331e-05]  [0.000380979,4.2331e-05]  END
DistributionHO2
CriticalPoints: HO2   [3.2184e-05,3.2184e-05]  [9.6552e-05,3.2184e-05]  [0.00016092,3.2184e-05]  [0.000225288,3.2184e-05]  [0.000289656,3.2184e-05]  [0.00032184,3.2184e-05]  END
DistributionC3H6
CriticalPoints: C3H6   [2.5992e-05,2.5992e-05]  [7.7976e-05,2.5992e-05]  [0.00012996,2.5992e-05]  [0.000181944,2.5992e-05]  [0.000233928,2.5992e-05]  [0.00025992,2.5992e-05]  END
DistributionC2H4
CriticalPoints: C2H4   [2.2895e-05,2.2895e-05]  [6.8685e-05,2.2895e-05]  [0.000114475,2.2895e-05]  [0.000160265,2.2895e-05]  [0.000206055,2.2895e-05]  [0.00022895,2.2895e-05]  END
DistributionCH
CriticalPoints: CH   [1.7913e-05,1.7913e-05]  [5.3739e-05,1.7913e-05]  [8.9565e-05,1.7913e-05]  [0.000125391,1.7913e-05]  [0.000161217,1.7913e-05]  [0.00017913,1.7913e-05]  END
DistributionCHCO
CriticalPoints: CHCO   [1.6761e-05,1.6761e-05]  [5.0283e-05,1.6761e-05]  [8.3805e-05,1.6761e-05]  [0.000117327,1.6761e-05]  [0.000150849,1.6761e-05]  END
DistributionC3H7
CriticalPoints: C3H7   [1.4273e-05,1.4273e-05]  [4.2819e-05,1.4273e-05]  [7.1365e-05,1.4273e-05]  [9.9911e-05,1.4273e-05]  [0.000128457,1.4273e-05]  END
DistributionC2H6
CriticalPoints: C2H6   [1.1734e-05,1.1734e-05]  [3.5202e-05,1.1734e-05]  [5.867e-05,1.1734e-05]  [8.2138e-05,1.1734e-05]  [0.000105606,1.1734e-05]  [0.00011734,1.1734e-05]  END
DistributionC2H
CriticalPoints: C2H   [8.1718e-06,8.1718e-06]  [2.45154e-05,8.1718e-06]  [4.0859e-05,8.1718e-06]  [5.72026e-05,8.1718e-06]  [7.35462e-05,8.1718e-06]  END
DistributionC2H5
CriticalPoints: C2H5   [6.3034e-06,6.3034e-06]  [1.89102e-05,6.3034e-06]  [3.1517e-05,6.3034e-06]  [4.41238e-05,6.3034e-06]  [5.67306e-05,6.3034e-06]  [6.3034e-05,6.3034e-06]  END
DistributionCH2O
CriticalPoints: CH2O   [5.6188e-06,5.6188e-06]  [1.68564e-05,5.6188e-06]  [2.8094e-05,5.6188e-06]  [3.93316e-05,5.6188e-06]  [5.05692e-05,5.6188e-06]  END
DistributionCHO
CriticalPoints: CHO   [4.9503e-06,4.9503e-06]  [1.48509e-05,4.9503e-06]  [2.47515e-05,4.9503e-06]  [3.46521e-05,4.9503e-06]  [4.45527e-05,4.9503e-06]  END
DistributionC3H5
CriticalPoints: C3H5   [3.2138e-06,3.2138e-06]  [9.6414e-06,3.2138e-06]  [1.6069e-05,3.2138e-06]  [2.24966e-05,3.2138e-06]  [2.89242e-05,3.2138e-06]  END
DistributionC3H4
CriticalPoints: C3H4   [1.7482e-06,1.7482e-06]  [5.2446e-06,1.7482e-06]  [8.741e-06,1.7482e-06]  [1.22374e-05,1.7482e-06]  [1.57338e-05,1.7482e-06]  [1.7482e-05,1.7482e-06]  END
DistributionC3H3
CriticalPoints: C3H3   [1.7893e-07,1.7893e-07]  [5.3679e-07,1.7893e-07]  [8.9465e-07,1.7893e-07]  [1.25251e-06,1.7893e-07]  [1.61037e-06,1.7893e-07]  END
DistributionH2O2
CriticalPoints: H2O2   [6.051e-08,6.051e-08]  [1.8153e-07,6.051e-08]  [3.0255e-07,6.051e-08]  [4.2357e-07,6.051e-08]  [5.4459e-07,6.051e-08]  [6.051e-07,6.051e-08]  END
DistributionIPRO
CriticalPoints: IPRO   [7.0367e-10,7.0367e-10]  [2.11101e-09,7.0367e-10]  [3.51835e-09,7.0367e-10]  [4.92569e-09,7.0367e-10]  [6.33303e-09,7.0367e-10]  [7.0367e-09,7.0367e-10]  END
DistributionC3H8
CriticalPoints: C3H8   [6.195e-11,6.195e-11]  [1.8585e-10,6.195e-11]  [3.0975e-10,6.195e-11]  [4.3365e-10,6.195e-11]  [5.5755e-10,6.195e-11]  END
DistributionN2
CriticalPoints: N2   [1e-21,1e-21]  [3e-21,1e-21]  [5e-21,1e-21]  [7e-21,1e-21]  [9e-21,1e-21]  END
END
